====OU_stable_d20====
IDO/rel_entropy: 32.153682708740234 pm 0.01415877602994442
IDO/log_variance: 32.170433044433594 pm 0.014116526581346989
IDO/SOCM: 71.60588073730469 pm 0.059696611016988754
IDO/adjoint_matching: 32.15963363647461 pm 0.014060985296964645
COMBINED/rel_entropy: 32.16010284423828 pm 0.014056731946766376
COMBINED/log_variance: 32.157779693603516 pm 0.014055532403290272
COMBINED/SOCM: 32.155311584472656 pm 0.014020840637385845
COMBINED/adjoint_matching: 32.15611267089844 pm 0.01402443740516901
FBSDE/FBSDE: 32.18444061279297 pm 0.014111996628344059
====OU_hard_d20====
IDO/rel_entropy: 110.15650939941406 pm 0.05042807385325432
IDO/log_variance: 112.34681701660156 pm 0.05583077669143677
IDO/SOCM: nan pm nan
IDO/adjoint_matching: 112.23773956298828 pm 0.05826142057776451
COMBINED/rel_entropy: 109.95448303222656 pm 0.04921639338135719
COMBINED/log_variance: 147.68447875976562 pm 0.12056423723697662
COMBINED/SOCM: 110.00676727294922 pm 0.049420177936553955
COMBINED/adjoint_matching: 112.30130004882812 pm 0.054517269134521484
FBSDE/FBSDE: 110.45484924316406 pm 0.050677474588155746
====OU_anisotropic_d20====
IDO/rel_entropy: 39.74636459350586 pm 0.022840695455670357
IDO/log_variance: 31.982479095458984 pm 0.016242792829871178
IDO/SOCM: 101.56609344482422 pm 0.1593124270439148
IDO/adjoint_matching: 31.974567413330078 pm 0.016162758693099022
COMBINED/rel_entropy: 31.960662841796875 pm 0.016123300418257713
COMBINED/log_variance: 33.09734344482422 pm 0.046241484582424164
COMBINED/SOCM: 31.96148681640625 pm 0.016037901863455772
COMBINED/adjoint_matching: 31.962871551513672 pm 0.016207102686166763
FBSDE/FBSDE: 32.00191879272461 pm 0.016281837597489357
====double_well_d10====
IDO/rel_entropy: 35.30382537841797 pm 0.010466335341334343
IDO/log_variance: 32.8699951171875 pm 0.009445146657526493
IDO/SOCM: 41.727359771728516 pm 0.013292940333485603
IDO/adjoint_matching: 34.89219665527344 pm 0.010472161695361137
COMBINED/rel_entropy: 32.62907028198242 pm 0.008831567130982876
COMBINED/log_variance: 32.9188232421875 pm 0.00884557981044054
COMBINED/SOCM: 32.45575714111328 pm 0.008878166787326336
COMBINED/adjoint_matching: 32.5789794921875 pm 0.008844446390867233
FBSDE/FBSDE: 35.206573486328125 pm 0.010523357428610325
